species_name Total_genome_size Number_of_chromosomes Largest_chromosome_size Smallest_chromosome_size Mean_chromosome_length
ce10 14326581.428571	20924149	13794	7	100286070
dm6 19649708.571429	32079331	1348131	7	137547960
ecoli 4639211	4639211	4639211	1	4639211
hg38 128677909.66667	248956422	46709983	24	3088269832
TAIR10 23829269.6	30427671	18585056	5	119146348
tomato 60193848.692308	90863682	9643250	13	782520033
wheat 661239162.04545	830829764	473592718	22	14547261565
yeast 715123.82352941	1531933	85779	17	12157105
ce10 ce10 14326581.428571	20924149	13794	7	100286070
ce10 14326581.428571	20924149	13794	7	100286070
chrV
chrM
chrV
chrM
